3 0.16231393665952956 0.6852499258900359 0.06834615824742933 0.11802742365560363
2 0.0643603473217977 0.5337739401161801 0.04482776225908127 0.08197946931327933
2 0.12577882744842533 0.48222939520331515 0.036600336553118354 0.0566301511991712
2 0.16960157001902165 0.4776917062043512 0.026236623700136904 0.043664393713693815
2 0.5546416989186109 0.5870853839564139 0.05240050482967746 0.08482878742738734
2 0.4012687880714554 0.6241881856099455 0.061064385959218155 0.12517810554149547
2 0.2006964661922571 0.5673697746908647 0.0474005048296776 0.08459590868464857
2 0.2861559166012699 0.5047190557499907 0.0316730791237147 0.058897272456432434
2 0.06734279271624558 0.4312739401161801 0.018445653417751763 0.033315075599585665
2 0.12756102042803444 0.42097939520331523 0.01866388112954063 0.040815075599585665
2 0.7264966344688162 0.5154175067032966 0.029100336553118496 0.05628083308506305
2 0.8187917830568904 0.5610510302769451 0.03475501968848505 0.07901371182780181
2 0.8752600107686793 0.5509311444211342 0.0342458216943109 0.06151371182780181
2 0.4878787433101458 0.47909568635475624 0.0341003365531185 0.05651371182780195
2 0.43791511459544397 0.48017447378214373 0.028882108841329454 0.04878083308506305
2 0.3766057483247107 0.5279690186950087 0.042036791976696006 0.07186302994190996
2 0.5860601790452385 0.5369381114999814 0.0393913068355036 0.06674659057054058
2 0.6822968027453754 0.4900134153879452 0.018300168276559246 0.028315075599585668
2 0.9230739760364994 0.4950270160508009 0.026309366270733107 0.04616439371369381
2 0.7972240601747791 0.4871572043049542 0.026309366270733107 0.04616439371369367
2 0.02880140174246245 0.511712311001036 0.03410033655311837 0.056513711827801814