3 0.25335312467008647 0.7719832867772439 0.07455097012906556 0.11960953454729235
2 0.11237760389173872 0.6404460741091498 0.04894004285657793 0.08388210884132946
2 0.1575584811648854 0.5805418116651812 0.038503666233372515 0.05859113855894435
2 0.19981847402212238 0.568028435365318 0.028241840259449234 0.04330016827655925
2 0.6091139448011291 0.6111718456578114 0.05648368051889847 0.08660033655311836
2 0.4677485240214634 0.6720255191338228 0.06718188311602717 0.12689130683550331
2 0.2549648792163798 0.6495924006331383 0.051440042856578 0.0839548514119258
2 0.32113393051560324 0.5753064500392381 0.03604730389569312 0.061018395988348004
2 0.08688209739891695 0.5397550196884849 0.02061092727248763 0.03558194056477035
2 0.14151117726919232 0.5201053562416034 0.020741840259449234 0.04308194056477021
2 0.7560529818148265 0.5117500286082907 0.033503666233372656 0.05844565341775166
2 0.858989358438032 0.5397324740027386 0.038852767531936935 0.07859113855894435
2 0.9111402571394678 0.5212600679852606 0.03859094155801358 0.06359113855894435
2 0.5112711701264293 0.5171212566898542 0.035960028571051905 0.056018395988348006
2 0.4626957207757115 0.5257027765632266 0.03082911558409023 0.048372910847155455
2 0.41744938700908407 0.5818570390071952 0.04372185454497526 0.0712366237001369
2 0.6244039162300773 0.5566446723666872 0.04363457922033405 0.0662366237001369
2 0.7057693370097431 0.49404517719636487 0.020480014285525955 0.028081940564770206
2 0.9425274967502938 0.4584557214030124 0.03082911558409023 0.048372910847155455
2 0.8178329603865376 0.47231859287319794 0.028285477921769768 0.04580016827655925
2 0.07088759674897573 0.625495821694311 0.038503666233372515 0.05859113855894435