3 0.20125 0.72125 0.05625 0.11125
2 0.085 0.57375 0.035 0.0775
2 0.14 0.52 0.03 0.05375
2 0.18375 0.51375 0.02125 0.04
2 0.5825 0.6075 0.04375 0.08
2 0.4325 0.65 0.0475 0.11875
2 0.225 0.60125 0.0375 0.07875
2 0.30375 0.53625 0.02625 0.05625
2 0.07625 0.47125 0.015 0.0325
2 0.135 0.45875 0.015 0.04
2 0.74625 0.52875 0.02375 0.05375
2 0.84375 0.57 0.025 0.075
2 0.89875 0.5575 0.02875 0.0575
2 0.5025 0.5025 0.0275 0.0525
2 0.4525 0.505 0.02375 0.045
2 0.3975 0.555 0.03375 0.06625
2 0.6075 0.55625 0.0325 0.06125
2 0.69875 0.505 0.015 0.02625
2 0.94 0.5 0.0225 0.04375
2 0.81375 0.4975 0.02125 0.0425
2 0.04625 0.55375 0.02875 0.0525