1 0.3414046902456444 0.5366889792488705 0.12646034235597337 0.1863963264162902
1 0.3046983729999344 0.29866535684276163 0.11922224812716138 0.19380905601527204
1 0.21214282686435673 0.2275599317631986 0.0682301711779867 0.09325634347549049
1 0.266126959567756 0.18567082457032555 0.06314286925425733 0.09069816320814508
2 0.3875079124533501 0.1833316960534521 0.05805556733052796 0.08813998294079965
1 0.5491031374279046 0.282751644875851 0.06546826540679859 0.08572725334181776
1 0.6196983729999345 0.30233071368552333 0.08169049233900978 0.1209017941438541
2 0.698519797029588 0.33701159796305014 0.07919049233900978 0.12087270401018131
1 0.7557102575761724 0.45397430623803153 0.08953970003392726 0.13098906454487222
1 0.8473769065803803 0.586344276384431 0.14526987121191381 0.22409995735199914
1 0.7777102363812218 0.6117942977084314 0.07142858656782153 0.11328543360916314
2 0.15458728072877911 0.15686176855505354 0.08384128464409223 0.11093088427752676