1 0.3569020056256663 0.5157327305228104 0.12107629851502676 0.19058908982572986
1 0.31328374020576816 0.28032863920745915 0.11361993223860893 0.19773977171162171
1 0.21869098829253503 0.2147533353194953 0.06553814925751339 0.09552742365560363
1 0.2714382460595007 0.16980810852073847 0.06052360468298602 0.09279454491286493
2 0.39271006292129174 0.16041079900932395 0.055509060108458644 0.09006166617012618
1 0.5571428245147235 0.2502258004989454 0.06299451553393112 0.08791098428423431
1 0.6282837402057682 0.26565727841491826 0.0781981395773147 0.12360962051245053
2 0.7080873884496484 0.29568121853109836 0.0756981395773147 0.12349318114108115
1 0.7686610657341248 0.4090784539325487 0.0857563178754242 0.13395893862655867
1 0.864147475571437 0.5358455381348279 0.1387944671329376 0.2289041654253154
1 0.7952447575388993 0.5652976208474857 0.06815450585373242 0.115643863026973
2 0.15909823637930193 0.1475478802323602 0.08063996127920511 0.11372605988381991